NA18516 NA19138 NA19137 NA19223 NA19200 NA19131 NA18501 NA18853 NA11829 NA12812 NA12891 NA06994 NA11882 NA06985 NA11831 NA12236 NA18947 NA18994 NA18990 NA18998 NA18558 NA18542 NA18593 NA18571
rs2051075 0 1 2 1 1 1 2 2 1 1 0 0 1 1 0 0 0 1 0 1 1 1 1 1
rs765546 2 2 0 0 0 0 1 0 0 0 1 0 1 0 0 0 2 0 1 0 0 0 0 0
rs10019399 2 2 2 1 1 2 1 2 0 1 0 1 2 1 1 0 0 0 0 0 2 2 1 0
rs7055827 2 2 1 2 0 2 2 0 0 0 0 0 1 1 2 1 1 0 2 1 0 1 0 0
rs6943479 0 0 2 0 1 0 1 0 1 0 1 0 2 1 0 1 1 1 1 1 1 1 0 0
rs2095381 1 2 1 2 1 1 2 2 0 0 0 0 0 0 0 0 0 0 0 0 0 0 0 0
rs2171102 1 0 1 0 0 1 2 2 0 0 0 0 0 0 1 1 0 2 0 0 2 2 1 1
rs4245975 1 1 0 2 1 2 0 2 0 1 1 0 0 0 0 0 2 1 2 2 0 1 2 0
rs2497765 0 0 0 0 0 0 0 0 0 0 1 0 1 1 1 1 2 2 1 2 0 0 0 1
rs2375581 2 2 2 2 2 2 2 2 0 0 0 0 0 0 0 0 0 0 0 0 0 0 0 0
rs943538 0 1 2 0 0 2 2 2 0 0 1 0 0 0 0 1 0 0 0 0 0 0 0 0
rs1895466 0 0 0 1 1 0 1 0 1 0 1 0 0 0 0 1 0 1 0 0 1 1 2 0
rs1650643 2 0 2 1 2 2 2 1 0 1 0 1 0 1 1 0 0 0 0 1 1 0 0 1
rs8065183 2 1 2 2 2 1 2 2 1 0 0 0 0 0 0 0 0 0 0 0 0 0 0 0
rs6670844 1 0 0 1 0 0 0 1 0 1 0 0 1 0 1 1 0 1 0 1 0 2 1 1
rs7419433 1 2 2 2 2 1 2 2 1 0 1 1 0 0 0 1 0 0 0 0 1 0 0 0
rs17172672 0 0 0 1 0 0 1 0 2 1 1 2 1 0 2 0 0 0 1 0 2 0 1 2
rs1121492 0 0 0 2 1 0 0 0 1 0 0 1 0 1 0 0 0 1 1 1 0 0 0 0
rs10824631 1 0 0 0 1 0 0 0 0 0 0 0 0 1 1 0 0 0 0 0 2 2 2 2
rs6658818 1 1 1 0 1 1 1 0 0 2 1 2 1 1 2 1 0 0 0 0 0 0 0 0
rs7292231 0 1 1 1 1 0 0 0 1 0 0 0 2 1 1 1 1 1 0 2 1 0 1 0
rs3803804 0 0 1 0 0 0 0 0 0 1 1 0 0 0 1 0 0 1 0 1 1 2 2 1
rs994358 1 1 1 0 1 1 1 1 1 0 0 0 0 1 0 0 1 2 2 0 1 2 0 0
rs10757822 2 2 2 2 1 1 2 1 0 0 0 1 0 0 1 1 0 0 0 0 0 0 0 0
rs2239427 2 0 1 2 0 0 0 2 0 0 0 2 0 1 0 0 0 0 0 0 0 1 2 1
rs2081673 2 1 0 1 1 2 1 1 0 1 1 0 0 2 0 0 2 1 2 1 0 1 1 0
rs281364 0 0 0 2 0 0 0 0 0 0 0 0 0 0 0 0 0 2 0 0 1 2 2 2
rs2959091 0 1 0 1 0 0 1 0 1 2 2 0 2 1 2 2 0 1 0 1 1 1 0 1
rs1526566 0 1 0 0 0 1 0 0 1 1 0 1 2 2 2 0 0 0 1 1 2 1 1 2
rs17216314 0 0 0 1 0 1 0 0 2 2 1 1 2 2 1 2 2 1 2 2 0 2 0 0
rs12588823 0 1 0 0 1 0 0 0 0 0 0 0 0 0 0 1 2 2 2 1 1 1 1 0
rs2205693 0 1 0 0 1 2 1 0 0 1 1 0 2 0 0 0 1 2 2 2 0 0 0 0
rs7661714 2 1 2 2 1 2 2 2 0 0 0 0 0 0 1 0 0 1 0 0 0 2 0 1
rs4787386 0 0 1 1 1 0 0 0 0 0 0 0 0 0 0 0 2 2 2 1 0 1 0 0
rs7327457 0 0 0 0 0 0 0 0 0 0 1 0 0 0 0 0 0 1 1 1 1 2 2 1
rs1398227 0 0 0 0 0 0 0 0 1 0 2 1 2 0 2 0 0 1 1 0 0 0 0 0
rs4834146 1 2 1 1 2 2 2 2 0 0 0 0 1 0 1 0 0 0 0 1 0 0 0 0
rs4440977 0 1 0 0 0 2 2 0 1 0 2 0 0 0 2 0 0 0 0 0 0 0 1 2
rs7572456 0 1 2 2 1 0 1 1 0 0 0 0 0 0 0 0 1 2 2 1 1 0 1 1
rs17096272 0 0 0 0 0 0 0 1 1 1 1 1 0 0 0 1 2 2 2 2 2 2 2 2
rs1557785 1 2 1 0 1 0 1 0 0 0 0 0 0 1 0 0 0 2 2 0 1 0 1 1
rs2168351 0 1 0 0 0 0 0 0 1 0 1 0 2 1 0 0 0 2 0 1 1 2 2 1
rs10860794 0 0 0 0 1 0 0 1 0 1 1 0 0 0 0 0 1 2 2 1 0 0 1 1
rs2503687 0 1 0 0 0 1 1 1 1 0 0 1 0 0 0 0 0 1 0 0 1 2 2 1
rs13184149 0 0 0 0 0 0 0 0 0 0 0 0 0 0 0 0 0 1 0 2 0 0 0 0
rs2272703 0 0 0 0 0 0 0 0 0 1 0 0 0 0 0 1 2 0 1 1 2 0 1 0
rs7544174 0 0 0 0 0 2 0 0 1 2 1 1 2 1 2 1 1 2 1 2 0 2 0 1
rs33980476 0 0 0 0 0 1 0 1 1 1 2 1 0 0 1 0 2 1 0 1 0 0 0 2
rs8022650 1 0 0 2 1 2 2 0 0 0 0 0 0 0 1 1 1 0 1 0 2 1 2 1
rs17153019 0 0 1 1 0 0 0 0 0 0 0 0 0 0 0 0 0 0 0 0 1 0 0 2
rs760501 0 1 0 0 0 0 0 1 0 1 0 0 1 1 0 0 2 2 2 2 2 2 2 2
rs2727985 1 0 0 1 2 1 0 1 1 0 2 0 1 1 1 0 0 0 2 0 2 1 2 2
rs16862445 1 0 0 0 2 0 0 1 0 0 1 0 0 0 0 0 2 2 2 1 2 2 2 1
rs6592881 2 2 2 2 1 2 2 2 0 0 1 1 0 1 0 0 1 0 1 0 1 0 0 1
rs12007416 2 2 0 2 2 1 0 2 0 0 0 0 0 0 0 0 0 0 0 0 0 0 0 0
rs4453219 1 2 0 1 1 2 2 1 0 0 0 1 1 0 0 0 0 0 0 0 0 0 0 0
rs2078024 2 1 0 1 0 0 1 1 0 1 0 0 0 0 1 1 0 0 0 0 0 0 0 0
rs4444073 0 0 0 0 1 0 0 0 1 2 1 0 1 0 0 2 2 1 0 2 0 0 1 2
rs10491404 0 0 0 0 0 0 0 0 1 1 0 0 0 0 1 0 2 0 2 2 2 1 1 2
rs11948551 1 0 0 0 1 0 1 0 1 0 0 2 1 1 1 0 1 1 2 0 0 0 1 0
rs12605161 0 0 0 1 0 0 1 0 0 0 0 1 0 1 0 1 0 0 0 1 2 0 2 0
rs1927820 0 1 2 2 1 1 1 0 1 0 0 0 0 0 0 0 0 0 0 0 1 0 0 0
rs7844039 1 0 0 0 2 0 1 1 1 1 1 1 2 1 2 2 1 0 1 1 1 2 2 2
rs1356384 0 1 0 1 0 1 0 0 1 1 0 0 0 1 0 0 0 0 1 0 1 2 1 2
rs266069 2 2 2 2 2 2 2 2 1 1 2 2 0 2 0 0 0 0 0 1 1 1 1 0
rs2591459 0 1 0 0 1 2 0 1 1 0 1 2 0 2 0 1 1 1 0 0 2 1 2 2
rs7628487 2 2 1 2 2 1 1 2 1 0 0 1 2 1 1 1 1 0 1 0 1 2 0 1
rs10195619 0 1 0 0 0 0 0 0 1 0 1 2 0 2 0 2 1 1 0 0 0 0 0 0
rs8090254 1 1 1 2 0 1 1 0 2 1 0 1 2 0 0 1 1 1 1 1 0 0 1 0
rs17037131 1 0 1 2 0 0 1 2 1 0 0 0 0 0 0 0 0 0 0 0 1 1 1 1
rs13389697 1 0 0 0 0 1 1 0 1 1 1 1 2 0 1 1 0 0 1 2 1 1 0 0
rs388485 2 1 1 1 0 0 1 1 1 1 1 2 1 2 1 0 0 0 0 0 2 0 1 1
rs7025892 0 0 0 0 0 0 0 1 0 0 1 1 1 1 1 0 0 2 0 0 0 0 1 1
rs17170685 2 1 1 1 2 0 2 1 1 1 1 1 0 1 2 0 1 1 1 1 0 0 1 1
rs3095034 2 1 0 0 0 0 1 1 0 0 0 0 0 1 0 1 1 2 2 2 2 2 2 1
rs7234383 0 0 0 0 2 0 0 0 1 2 1 0 0 2 0 2 1 2 0 2 0 1 0 1
rs5990899 2 2 2 2 2 2 2 2 0 2 0 0 0 1 0 1 0 0 0 0 0 0 0 0
rs2315637 2 2 1 0 1 1 0 2 0 0 0 0 0 0 0 0 0 1 1 1 0 0 0 0
rs780327 2 2 1 1 2 2 2 2 1 0 1 0 0 1 0 0 0 0 0 0 0 0 0 0
rs7125678 1 1 0 0 0 1 0 0 0 0 1 0 0 0 0 0 0 0 0 0 2 1 1 2
rs9562556 0 0 0 0 0 0 0 0 0 0 0 1 0 0 0 0 0 0 0 1 0 0 2 1
rs17818048 0 0 0 0 0 0 0 0 0 0 0 0 0 0 0 0 1 1 0 1 0 0 0 0
rs975212 1 1 0 1 0 0 0 0 1 1 1 1 1 2 0 0 1 2 0 0 0 0 0 0
rs446222 0 0 1 0 0 0 0 0 0 1 0 0 1 0 2 1 1 2 1 2 1 1 1 0
rs3764573 0 0 1 0 0 0 0 0 0 0 0 0 0 0 0 0 0 2 0 2 0 1 0 0
rs7219210 0 1 2 0 2 0 0 0 0 0 0 0 0 0 0 0 0 0 0 0 0 0 0 0
rs9318056 2 2 1 1 1 1 2 2 1 2 1 2 1 2 1 1 1 0 1 1 0 0 0 0
rs5926251 0 2 1 0 0 1 0 0 2 0 0 0 0 0 0 0 1 0 2 1 0 0 0 0
rs9480922 2 1 2 1 1 2 2 1 2 0 2 0 0 1 1 1 1 0 0 0 1 0 1 2
rs1506508 1 0 0 2 1 1 1 2 2 1 2 1 2 2 2 1 0 0 1 0 2 1 1 1
rs13380237 0 0 0 1 1 1 0 2 0 0 0 0 0 0 0 0 0 0 0 0 0 0 0 0
rs1000026 0 1 1 2 1 1 0 0 0 1 0 1 0 1 0 0 2 2 1 2 1 1 1 0
rs849646 0 2 0 1 0 0 2 0 1 1 0 1 2 2 1 2 2 1 1 1 1 1 0 0
rs7561678 2 2 2 2 2 2 2 2 0 1 1 1 0 1 1 0 2 0 0 0 0 1 0 1
rs622614 2 1 1 0 1 2 0 1 1 0 0 1 0 1 1 0 1 0 0 1 1 1 1 2
rs12610063 1 1 1 0 2 1 0 0 1 2 0 1 1 2 1 1 2 2 0 2 0 0 1 0
rs470619 0 0 0 1 0 0 1 1 1 2 1 1 0 0 0 0 2 1 2 2 0 0 0 1
rs4697719 0 1 0 0 0 1 0 0 0 0 1 1 1 0 2 2 0 1 0 0 1 1 2 0
rs4811938 2 2 2 2 2 2 2 1 0 0 1 0 1 0 1 0 2 1 1 1 0 0 2 0
rs10810362 0 0 0 0 0 0 0 0 1 0 0 0 1 0 1 0 2 2 1 2 1 0 0 2
rs713669 0 1 2 0 1 0 2 2 1 0 2 1 1 0 1 2 1 0 0 0 1 0 1 1
rs930956 2 1 1 1 2 2 2 2 1 1 1 0 0 0 2 0 1 1 1 1 0 0 0 2
rs5929308 0 0 0 2 0 0 0 0 0 2 2 2 0 0 0 0 0 0 2 0 2 0 2 2
rs6101497 1 0 1 2 1 0 2 0 0 1 0 0 0 0 1 0 0 0 2 0 0 0 0 0
rs12569723 0 0 0 0 0 0 0 0 0 0 0 0 0 0 0 0 2 2 2 1 1 0 0 1
rs10883155 0 0 1 0 0 0 0 1 0 0 0 0 0 0 0 0 1 2 0 2 0 0 0 0
rs7661527 1 1 2 2 0 1 1 2 0 0 0 0 0 0 0 0 0 0 0 0 0 0 0 0
rs2458500 0 0 0 0 0 0 0 0 0 2 0 0 1 0 0 1 1 0 2 0 1 2 2 2
rs991500 0 0 0 0 0 1 0 1 1 1 2 0 1 1 2 2 2 1 1 1 1 1 0 0
rs5989589 2 2 1 2 2 2 2 2 0 0 0 0 0 0 0 0 0 0 0 0 0 0 0 0
rs12682858 0 0 0 0 0 0 0 0 0 0 0 0 0 0 0 0 0 0 0 0 1 1 0 1
rs1995222 0 0 0 1 0 1 0 0 1 0 0 1 1 1 0 1 2 1 1 1 0 1 1 1
rs700320 2 1 1 1 2 2 2 1 0 0 0 0 1 0 0 2 0 1 0 1 1 0 0 1
rs17675579 0 0 1 0 1 0 0 1 1 1 1 1 1 0 0 2 0 1 0 0 1 1 1 1
rs7332571 0 2 2 2 1 2 2 2 0 0 0 1 0 0 0 0 0 0 0 0 0 0 0 0
rs8133676 1 0 2 0 2 1 1 1 0 0 0 1 0 0 0 0 0 0 1 1 1 1 2 2
rs4673145 0 1 1 1 0 1 0 2 0 0 0 0 0 1 1 0 0 0 0 1 1 1 1 1
rs4776030 2 2 0 1 0 1 1 2 2 2 2 2 2 2 1 2 0 0 0 0 2 0 2 0
rs172080 2 1 0 1 2 0 1 1 0 1 0 0 1 0 2 0 1 0 1 0 1 1 2 2
rs1813849 2 2 2 2 1 2 0 1 0 0 0 0 0 1 0 0 0 0 0 0 1 0 0 0
rs13259282 1 1 0 0 0 0 0 0 1 0 1 2 2 0 0 0 0 0 0 0 0 2 2 0
rs4605942 1 1 0 1 0 1 1 1 2 2 1 1 2 1 2 2 0 0 0 0 1 0 0 2
rs5986735 0 0 0 0 0 0 0 0 2 0 2 2 1 1 2 1 2 2 2 2 2 1 0 0
rs324488 1 2 1 0 0 1 0 1 0 0 0 1 0 0 0 0 1 2 2 1 1 0 1 0
rs1497312 0 0 0 1 1 0 0 1 2 2 1 1 2 2 2 2 0 0 0 0 0 0 0 0
rs2566833 2 1 2 1 1 0 2 0 0 1 0 0 0 1 1 1 1 2 1 0 0 0 1 0
rs9940524 1 2 1 2 1 2 0 2 2 2 1 2 2 2 2 0 0 0 0 1 0 0 1 0
rs11013746 2 0 2 2 1 1 2 2 0 0 0 0 0 0 0 0 0 0 0 0 0 0 0 0
rs4689848 0 1 0 0 0 0 0 0 1 2 1 1 1 0 1 1 0 0 0 1 1 2 2 2
rs17520774 0 0 0 0 0 0 0 0 0 0 0 0 0 0 0 0 1 1 0 2 0 0 0 0
rs17100624 0 1 0 0 0 1 0 0 0 0 0 0 0 0 0 0 2 0 2 1 1 2 1 2
rs11004270 0 0 0 0 0 0 0 0 0 1 1 1 0 0 1 0 2 2 2 2 2 2 1 1
rs1415422 2 1 2 2 1 1 2 2 2 0 0 1 0 0 0 0 0 0 0 0 0 0 0 0
rs742957 2 1 1 1 1 2 1 0 1 0 2 0 0 0 1 1 2 1 1 1 0 0 0 0
rs10063294 0 0 0 0 0 0 0 0 1 1 0 0 1 0 1 1 1 1 1 1 2 2 2 2
rs1379476 2 2 2 2 2 1 1 1 1 0 1 0 1 0 1 0 1 0 0 0 0 0 0 0
rs1995418 2 2 2 2 2 2 2 2 0 0 0 0 0 0 0 0 1 2 1 0 1 1 0 1
rs12891306 0 0 0 0 0 0 0 0 2 2 1 2 2 1 1 1 1 0 0 0 0 1 0 0
rs1792160 0 1 1 1 1 0 1 1 1 0 2 1 1 2 2 2 2 1 2 1 1 0 1 0
rs3826923 0 0 0 0 0 0 1 0 2 0 2 1 1 1 2 0 1 0 0 0 0 1 1 1
rs787433 0 0 0 0 0 0 1 2 1 2 1 1 1 2 2 2 1 0 0 0 1 0 0 0
rs8023986 2 1 1 1 2 1 1 2 1 1 0 2 1 1 0 0 1 0 1 2 0 0 1 0
rs13271824 0 0 0 0 0 0 0 0 0 0 0 0 0 0 0 0 1 1 1 2 0 2 2 1
rs10492555 0 1 0 1 0 1 1 0 1 0 0 0 1 1 0 0 0 1 1 0 0 0 0 0
rs4078403 1 1 1 0 2 1 1 0 0 0 0 0 0 0 0 0 1 2 2 1 0 1 0 0
rs17106482 0 0 0 0 0 0 0 0 0 0 0 0 0 0 0 0 2 0 1 0 0 0 1 1
rs872516 0 0 0 0 0 0 0 0 1 1 1 0 0 1 2 0 1 2 1 2 0 0 0 0
rs4966014 0 1 0 0 0 0 1 1 1 1 0 2 1 1 1 0 0 0 0 0 1 1 1 1
rs4457100 2 2 2 2 1 2 2 2 1 0 1 1 0 0 1 1 0 1 0 0 1 0 0 0
rs321468 0 0 0 1 1 0 0 0 1 0 0 0 0 0 0 1 1 2 2 1 0 1 0 1
rs1416794 0 1 1 2 1 0 1 1 0 0 1 1 2 1 1 2 1 1 0 1 0 0 0 0
rs10505498 0 0 1 0 1 1 0 0 0 0 0 0 0 0 0 0 1 0 0 2 0 0 0 1
rs13184802 2 2 2 2 2 1 2 1 1 0 0 1 1 0 0 0 0 1 2 2 1 1 1 0
rs12219399 0 1 0 0 0 0 2 0 0 0 1 0 0 0 0 0 1 1 1 0 2 2 2 2
rs4895642 2 2 2 1 1 2 2 1 0 1 0 0 0 1 0 0 0 2 1 2 2 0 0 1
rs9323032 1 0 0 0 0 1 0 1 2 2 2 1 1 2 2 2 1 2 2 2 1 1 1 0
rs1616105 1 0 1 1 2 0 2 0 0 0 0 0 0 1 1 0 2 1 0 2 1 0 0 0
rs2412303 0 0 0 0 0 0 0 0 0 0 1 1 0 0 0 0 2 2 1 2 1 0 2 2
rs10786084 0 1 2 1 0 1 0 2 2 1 1 2 1 2 1 2 0 0 0 0 1 0 0 0
rs4392794 2 1 1 0 2 1 1 0 0 0 0 1 1 0 0 0 0 1 0 0 1 2 1 2
rs12028459 1 0 0 0 0 0 0 0 0 0 0 0 1 0 0 0 0 1 2 0 1 1 2 1
rs9356987 0 2 1 0 0 0 0 0 0 0 0 0 0 1 2 0 0 2 1 2 2 1 2 2
rs12503953 2 2 2 1 2 2 2 2 0 0 1 0 0 0 0 0 0 1 1 1 0 0 0 0
rs4934395 0 1 1 0 0 2 0 1 2 0 0 1 0 0 0 0 1 1 0 0 1 1 1 2
rs11132349 0 1 0 0 1 1 2 1 1 1 2 1 1 1 1 0 0 0 0 0 1 0 0 0
rs3788284 2 2 1 2 2 2 2 1 1 1 0 0 0 2 1 2 0 0 1 0 2 0 0 0
rs428191 1 0 1 0 0 1 1 0 1 1 0 2 1 2 0 1 0 1 1 0 1 2 2 2
rs11147298 1 1 1 1 0 0 0 0 0 1 0 1 1 2 1 2 0 1 0 0 0 0 0 0
rs3122319 0 1 1 1 2 0 2 2 1 1 0 1 2 1 1 2 0 0 0 0 0 0 0 0
rs2526360 0 1 0 0 1 0 1 0 1 0 2 1 1 1 1 1 1 1 2 1 0 1 0 1
rs723157 0 1 0 1 1 1 0 0 1 2 1 0 2 0 1 0 2 1 2 1 0 1 2 2
rs6455351 2 1 1 1 1 2 2 1 0 0 0 1 0 0 0 1 0 0 0 0 2 1 1 1
rs9315986 0 0 0 0 0 0 0 0 0 0 0 1 2 1 0 2 0 0 0 0 1 1 1 1
rs128016 2 2 2 1 2 2 2 0 2 1 2 1 2 2 2 1 0 0 0 0 0 0 0 0
rs7815938 1 0 0 0 1 0 0 1 0 2 0 2 0 0 1 1 1 0 1 0 2 1 2 1
rs744375 1 1 1 1 2 2 0 2 1 1 0 1 0 1 1 0 2 1 1 1 1 0 0 1
rs9850121 0 0 1 0 1 0 0 1 0 1 1 0 0 0 0 0 0 1 1 0 0 0 0 0
rs676152 0 0 1 0 0 1 1 2 2 0 1 0 1 0 0 0 1 0 0 0 2 0 1 2
rs1053805 1 0 2 1 2 1 1 1 0 0 0 0 0 0 0 0 0 0 0 0 0 0 0 0
rs6585180 2 1 0 1 2 1 2 1 0 1 0 0 0 0 1 0 1 0 0 0 1 1 1 0
rs12314316 0 0 0 0 0 0 0 0 2 0 2 0 1 2 2 2 0 1 0 0 0 0 0 0
rs17104917 0 1 2 2 0 1 1 2 0 0 0 0 0 0 0 0 1 0 0 1 0 0 0 0
rs2204095 1 1 1 2 2 2 1 1 1 2 1 1 0 0 1 0 1 0 0 0 0 0 0 0
rs118943 0 0 0 0 0 0 0 0 0 0 0 0 0 0 0 0 0 0 0 0 2 2 2 1
rs16983752 0 0 1 2 2 1 0 2 0 0 0 0 1 0 0 0 0 0 2 0 0 0 0 0
rs9863149 2 2 0 1 1 1 1 1 1 1 0 0 1 1 1 0 1 0 2 1 1 0 0 0
rs4263652 2 2 2 1 2 1 2 1 0 0 0 0 0 0 0 0 0 0 0 0 0 0 0 0
rs7065370 0 0 0 2 2 1 2 0 0 0 0 0 0 0 0 0 0 0 0 0 0 1 1 0
rs4332093 0 1 0 2 1 1 1 1 0 0 0 0 1 1 1 0 1 1 0 1 1 0 0 0
rs2182231 1 1 1 1 0 0 0 2 1 0 1 0 0 0 1 1 1 1 2 1 1 1 0 0
rs11152422 0 0 0 0 0 0 1 0 1 0 2 1 1 1 1 1 0 0 1 0 0 0 0 0
rs16877097 0 0 0 0 0 0 0 0 1 2 0 0 0 1 0 0 0 0 0 0 1 0 1 1
rs2453531 0 0 0 0 0 0 0 0 1 0 1 2 1 0 0 0 0 0 0 1 2 0 1 2
rs12680214 0 0 0 0 0 0 0 0 1 1 1 2 2 1 1 1 1 2 1 0 1 0 0 1
rs10878607 1 0 0 0 0 1 1 0 1 1 1 2 2 2 1 1 1 0 1 0 1 0 1 1
rs9384539 1 1 0 1 0 2 2 1 0 2 1 0 0 1 1 0 2 0 2 2 1 0 1 1
rs3765577 1 1 0 0 1 1 0 1 1 0 1 0 0 2 0 0 1 0 1 0 1 2 2 0
rs6061450 2 2 2 1 2 1 2 2 0 0 0 0 0 0 1 0 0 0 0 0 0 0 2 0
rs754228 2 1 0 0 0 2 1 0 0 0 0 0 0 0 0 0 0 2 0 0 2 0 0 0
rs10049459 2 1 0 1 2 1 1 2 1 0 0 0 0 0 0 2 2 0 1 0 1 1 2 1
rs2373116 2 2 2 2 2 1 1 2 2 2 1 0 2 2 1 2 0 0 0 0 0 0 0 0
rs1499102 2 0 2 1 1 2 0 1 1 1 0 1 0 1 1 1 0 0 0 0 0 0 0 0
rs1014110 0 0 0 0 0 0 0 0 1 0 2 1 2 1 2 2 1 2 1 1 1 0 2 1
rs1403226 1 1 0 1 2 2 0 0 2 2 2 0 1 1 1 2 0 0 0 0 0 0 0 0
rs2269928 0 0 0 0 0 0 0 0 1 0 1 1 0 1 0 1 1 0 0 2 0 0 0 0
rs991394 2 1 1 1 2 2 2 2 1 2 1 1 0 2 0 1 0 0 0 0 1 0 0 0
rs4544246 1 1 0 0 1 1 1 0 1 0 0 0 0 0 1 0 1 1 0 0 1 2 1 2
rs1917810 0 0 0 1 0 0 1 0 1 0 1 1 2 0 1 1 2 1 1 1 2 2 1 1
rs10187066 2 2 2 2 2 2 2 2 1 0 1 0 1 1 1 0 0 0 1 1 0 0 0 0
rs2469480 1 2 1 0 1 1 1 0 0 0 0 0 0 0 1 2 0 0 0 1 2 0 1 2
rs7127798 2 2 2 2 2 1 1 2 0 0 1 0 0 1 0 1 1 1 1 0 1 1 0 0
rs6132546 2 2 2 1 2 2 2 1 0 1 0 0 0 0 0 0 0 1 0 0 0 0 0 0
rs10954858 0 1 0 1 0 0 0 0 1 1 0 0 0 0 0 0 2 1 0 1 0 0 0 0
rs11645629 1 2 1 1 2 2 2 1 0 1 0 0 0 0 1 0 0 0 0 0 0 0 0 0
rs415974 0 0 0 1 1 0 0 2 0 0 0 0 0 1 0 0 1 2 2 1 1 2 2 2
rs1938638 0 0 0 1 0 1 0 2 0 1 1 1 0 1 1 1 2 1 1 0 2 2 1 2
rs12577310 0 0 0 0 0 0 0 0 0 0 0 0 0 0 0 0 1 0 1 2 0 0 1 0
rs6415629 1 1 2 1 1 2 2 1 0 0 0 0 1 0 0 0 1 0 0 1 0 0 0 1
rs7052667 2 2 1 2 2 1 2 0 0 0 0 0 1 1 0 0 2 0 2 2 0 2 1 0
rs11194995 2 1 1 1 2 2 2 2 0 0 0 0 0 0 0 0 0 0 0 0 0 0 0 0
rs229144 0 0 0 0 1 0 0 0 2 1 2 2 1 2 2 1 1 2 1 2 0 1 0 0
rs10490658 0 0 0 0 0 0 0 0 0 0 0 0 0 0 0 0 1 2 2 1 2 2 2 2
rs7599649 2 1 2 2 2 1 1 0 1 0 0 0 1 1 0 1 0 0 0 0 0 0 0 0
rs4388482 0 0 1 1 0 0 1 1 1 1 1 1 0 1 0 0 1 1 2 1 1 0 0 0
rs17623313 1 1 0 0 0 0 1 0 1 1 0 2 1 0 1 0 1 1 0 2 0 0 0 0
rs4373244 1 1 2 2 1 2 2 1 0 1 1 0 1 0 0 0 1 0 0 0 1 0 0 0
rs296888 0 1 0 0 1 1 0 2 0 0 0 1 1 0 1 0 0 0 0 0 1 0 1 1
rs540519 1 1 2 1 0 0 0 1 0 0 1 0 0 0 1 0 2 2 2 1 1 1 0 0
rs11990645 2 1 2 1 1 2 1 2 0 1 0 0 0 0 0 1 0 0 0 0 0 0 0 0
rs1473144 2 1 1 2 0 2 2 2 2 2 1 1 0 2 2 2 0 0 1 0 0 0 0 0
rs2033873 0 0 0 0 0 0 1 0 0 2 1 0 1 1 2 1 0 2 0 0 1 2 2 0
rs1105985 1 0 0 0 0 1 1 0 2 2 2 2 2 2 1 1 2 1 1 2 1 1 0 0
rs8042418 0 0 1 1 1 1 0 0 0 0 0 0 0 0 0 0 2 2 2 2 2 2 2 2
rs346883 0 0 0 2 2 2 2 2 1 0 0 0 0 0 0 0 0 0 0 1 0 0 0 0
rs17819377 0 0 0 0 0 0 0 0 1 1 0 0 1 1 2 0 1 1 0 0 0 0 1 0
rs4906096 1 1 2 1 2 2 1 1 1 1 0 1 0 0 0 1 1 0 2 0 0 0 0 0
rs11825888 0 0 0 0 0 0 0 0 1 1 0 2 0 1 1 1 0 0 0 0 0 0 1 1
rs10810530 2 1 1 1 1 0 2 1 0 0 0 0 1 0 0 2 1 0 1 0 0 2 0 0
rs2055211 0 1 0 0 0 0 0 0 0 1 0 0 0 0 0 0 0 0 0 0 0 0 1 0
rs1351874 1 2 0 1 1 1 1 1 1 0 0 0 0 1 0 2 0 0 1 0 2 1 2 1
rs2365919 1 2 1 2 2 1 2 1 1 0 1 0 0 0 0 0 0 0 0 0 1 1 0 0
rs1761348 1 0 0 1 0 0 0 0 1 0 0 0 1 2 0 0 0 0 0 0 1 2 1 1
rs10931923 1 1 1 1 0 0 1 1 0 2 1 0 1 0 1 0 0 2 1 2 0 0 0 0
rs17036613 1 0 1 0 1 0 1 1 0 0 0 0 1 0 0 0 0 1 1 2 0 0 1 0
rs6780 0 0 1 0 0 1 0 0 0 0 0 0 1 1 0 0 1 2 2 2 2 1 2 1
rs7895776 1 2 1 2 1 2 1 1 0 0 0 1 0 0 2 0 1 2 0 1 1 0 0 0
rs1490773 2 0 0 0 1 1 2 2 0 0 0 0 0 0 0 0 2 0 0 0 0 2 1 1
rs9323262 0 2 0 0 0 2 2 1 0 0 0 1 1 0 0 0 0 1 0 0 2 1 1 1
rs7940677 0 1 0 1 0 0 1 1 1 1 1 1 0 1 0 0 1 1 2 1 1 0 0 0
rs2388296 2 2 1 2 1 2 1 1 1 0 0 0 1 0 0 1 0 1 0 0 0 0 0 1
rs1420960 1 1 1 1 1 1 0 2 2 2 1 2 2 1 2 1 2 1 1 0 0 0 0 0
rs4916319 1 2 2 2 2 1 2 2 1 2 0 1 0 0 2 0 1 1 0 1 1 0 0 1
rs10760142 0 0 0 0 0 0 0 0 0 0 0 1 2 2 2 1 2 2 1 2 1 2 2 2
rs591746 0 0 0 2 0 1 2 2 0 2 2 0 0 0 0 0 1 0 0 1 2 2 1 1
rs11579520 0 1 0 0 0 0 2 0 2 0 2 1 1 2 1 1 0 1 0 0 2 1 1 2
rs757841 0 0 0 0 0 0 0 0 2 1 2 1 1 0 2 1 2 0 1 0 0 0 0 1
rs2785193 1 2 2 2 1 2 2 1 0 2 1 1 0 0 0 0 0 1 1 1 0 0 0 0
rs2028815 0 0 0 0 0 0 0 0 1 0 1 1 1 0 1 2 1 2 2 1 0 0 0 1
rs12342741 1 2 2 1 1 1 0 2 0 0 0 0 1 0 0 1 0 0 0 0 0 0 0 0
rs6500619 1 2 1 2 1 2 2 2 0 0 0 0 1 0 0 1 0 0 0 0 1 0 0 0
rs1040634 0 0 1 0 0 0 1 0 0 0 0 1 0 0 1 0 0 0 0 0 1 0 0 2
rs2066887 0 2 2 0 2 0 0 2 2 0 0 2 0 0 2 0 1 0 0 0 2 1 2 0
rs602069 1 2 1 2 1 2 2 2 0 1 1 2 0 1 1 2 0 1 0 0 1 0 1 0
rs7907957 1 0 1 0 0 0 0 0 2 1 1 1 1 0 2 2 1 1 2 1 0 0 0 0
rs1826118 0 0 2 0 0 0 0 0 1 1 1 0 1 1 1 1 2 1 2 2 2 2 1 2
rs10750268 1 0 0 0 0 0 0 0 2 2 2 2 1 1 1 1 0 0 0 0 1 0 2 1
rs2491438 0 0 0 0 0 0 1 0 1 1 1 0 0 0 0 0 1 0 1 0 2 1 2 2
rs1529476 2 0 1 0 0 1 1 1 0 0 0 0 0 0 0 0 1 0 1 0 0 1 0 2
rs7714181 0 1 0 0 1 0 2 0 1 2 2 2 2 1 2 1 1 1 0 1 2 1 0 0
rs994542 0 2 1 1 0 1 1 1 1 1 1 1 1 2 0 1 0 1 1 0 2 2 1 2
rs3793403 0 0 1 0 0 0 0 0 0 0 0 0 0 0 0 0 1 2 2 2 0 0 2 1
rs7942184 2 2 2 2 2 2 1 1 0 0 1 1 0 2 0 1 0 1 0 2 0 0 0 0
rs10221862 0 1 1 0 0 0 0 0 1 1 0 1 1 1 1 0 0 0 0 0 0 0 1 1
rs2576932 1 1 1 1 0 2 0 0 0 1 1 1 1 0 1 2 0 1 0 1 1 2 2 2
rs7195006 0 1 0 0 0 0 0 0 0 1 1 1 1 1 2 1 2 1 1 1 0 2 0 0
rs2887426 2 0 0 2 2 1 0 0 2 2 2 2 2 2 2 2 1 0 0 2 0 0 0 1
rs687782 2 2 0 2 1 0 1 0 1 1 0 1 0 1 1 1 1 0 0 0 1 2 2 2
rs12431569 2 2 1 2 2 1 2 2 1 0 1 0 1 1 0 0 2 2 2 1 2 1 1 0
rs10843659 2 2 1 0 1 1 2 0 0 1 2 2 1 1 1 1 0 0 0 1 1 1 1 2
rs4702681 0 0 0 1 0 0 1 0 1 2 0 0 0 1 1 0 0 2 1 1 2 2 1 2
rs1572021 1 0 1 0 0 0 1 0 1 0 1 0 1 0 0 0 0 1 2 0 0 0 0 0
rs4739782 0 0 0 0 1 0 0 0 1 0 0 2 1 2 1 1 0 0 0 0 2 0 1 0
rs2655663 0 0 0 0 0 0 0 0 0 0 0 1 0 0 1 1 1 2 2 2 2 2 2 1
rs1941590 1 1 0 0 1 0 0 0 0 0 0 1 0 0 0 0 1 0 0 1 0 0 0 0
rs12878681 2 0 2 2 1 1 1 1 0 0 0 0 0 0 0 0 0 0 0 0 0 0 1 0
rs3818057 1 1 1 1 2 2 1 1 0 0 0 0 0 1 1 1 1 1 1 0 0 0 1 0
rs4947521 1 0 1 0 0 2 0 0 1 0 0 2 1 0 0 1 1 2 1 2 0 0 0 0
rs4242871 0 0 0 0 0 0 0 0 0 1 1 1 2 1 0 0 0 0 0 0 2 1 2 0
rs340203 2 1 1 2 2 2 2 1 0 1 2 1 1 1 1 0 0 0 0 0 1 0 1 1
rs8106856 2 2 2 2 2 2 2 2 0 0 0 1 0 0 0 0 1 1 0 0 0 1 0 0
rs6658304 2 2 2 2 1 1 0 2 1 1 2 1 1 2 1 1 1 1 0 0 2 2 1 2
rs2241093 0 0 1 0 0 0 0 0 1 0 0 1 2 0 0 0 0 1 0 0 1 1 2 0
rs9686746 0 1 0 0 0 1 1 0 1 2 2 2 1 2 2 1 2 0 0 1 1 0 1 0
rs2245624 0 0 0 0 0 0 0 0 0 0 0 0 1 0 0 0 2 1 2 0 1 2 2 2
rs11854426 2 1 2 0 1 1 2 1 1 1 1 1 1 0 1 0 1 1 2 2 0 0 0 1
rs12659637 0 0 0 1 0 0 1 0 0 1 0 1 0 0 0 0 0 0 1 0 2 1 1 0
rs3778537 0 0 2 0 0 0 1 0 1 1 2 1 2 1 2 2 0 0 0 0 0 0 0 0
rs2787329 1 1 2 2 2 2 2 2 0 1 0 1 0 1 2 0 1 1 0 0 1 0 0 1
rs7223689 1 1 1 2 1 1 1 1 0 0 0 0 0 0 0 0 1 0 0 0 0 0 0 0
rs12591771 0 0 0 0 1 0 0 0 1 0 1 1 0 0 0 0 1 0 2 1 0 0 1 0
rs939402 2 0 0 0 0 0 0 0 0 0 0 1 1 0 0 0 1 0 1 1 1 2 0 1
rs2995411 0 0 1 0 0 0 2 0 1 1 0 1 1 0 1 0 2 2 2 2 2 2 2 2
rs10119411 2 2 1 1 1 2 2 2 2 0 1 0 0 1 1 1 0 0 0 0 1 1 1 0
rs17082208 0 0 0 0 0 0 0 0 0 0 0 0 0 0 0 0 2 0 1 1 0 1 1 0
rs4776147 0 0 1 0 0 0 1 1 0 0 0 0 0 0 0 0 2 2 0 2 1 2 0 0
rs1471836 0 0 0 0 1 0 0 0 0 0 0 0 1 0 1 0 2 2 2 2 2 1 1 2
rs6624109 2 2 2 2 2 2 2 2 0 0 0 0 0 0 0 0 0 0 0 0 0 0 0 0
rs7407659 0 2 0 1 0 1 2 1 1 1 2 1 1 2 1 2 0 2 1 1 0 0 0 0
rs2400866 0 0 0 0 0 0 0 0 2 2 1 2 2 2 0 2 0 0 0 1 1 2 0 0
rs8062900 0 1 0 0 0 0 1 0 1 2 1 1 1 1 0 2 1 2 2 1 2 2 2 2
rs7178610 1 0 0 0 0 0 0 0 0 1 0 2 0 2 0 0 1 0 0 0 1 1 2 0
rs6116569 0 0 0 0 0 0 0 0 1 1 1 2 1 1 0 2 2 2 2 2 1 1 1 1
rs1945073 1 1 2 1 1 2 2 2 1 0 0 0 0 1 1 2 0 0 0 0 1 0 0 0
rs7938360 2 2 1 1 2 2 2 2 0 0 0 0 0 0 1 1 0 0 0 0 0 0 0 0
rs6996761 2 2 2 2 2 2 2 2 2 0 1 1 1 1 0 0 0 0 1 0 0 0 0 0
rs355832 1 2 1 1 2 2 2 1 0 1 1 0 0 0 0 0 0 0 0 0 0 0 1 0
rs6653146 2 2 2 2 2 2 2 2 0 0 0 0 0 0 0 0 0 0 0 0 0 0 0 0
rs129857 2 2 2 1 2 0 2 2 2 0 2 0 1 1 0 1 0 0 0 0 0 0 0 0
rs10515548 0 0 0 0 0 0 0 0 0 0 1 1 0 0 1 0 1 0 1 1 0 0 0 0
rs1046279 0 0 1 2 1 0 0 1 0 1 0 0 0 2 2 1 2 1 2 2 1 0 1 0
rs882161 2 1 2 2 2 2 2 1 0 0 0 0 0 0 0 0 0 0 0 0 0 0 0 0
rs2185196 2 2 1 1 1 1 2 1 1 1 1 0 1 0 1 1 0 0 0 0 2 2 1 0
rs11194806 0 1 1 0 1 1 1 0 1 1 1 2 1 1 1 0 1 0 2 2 0 0 0 0
rs7903 0 2 1 0 1 2 1 0 1 1 1 0 1 0 0 1 1 2 2 2 0 1 1 1
rs1565824 2 2 1 0 0 1 0 0 0 1 1 0 0 2 1 1 1 0 1 0 2 2 2 1
rs1418985 0 0 0 0 1 0 0 0 0 0 0 1 0 0 1 0 2 1 0 2 2 2 1 1
rs475275 1 1 2 1 1 2 0 0 1 1 0 0 0 0 1 0 1 1 1 0 2 2 2 2
rs13076788 1 1 2 1 1 1 1 2 0 0 2 2 1 1 0 1 0 0 0 0 2 1 1 2
rs2275608 1 2 2 2 1 1 2 1 1 1 0 0 0 0 0 0 0 0 0 0 0 0 0 0
rs6497145 0 0 0 0 0 0 0 0 1 1 0 1 0 0 0 2 0 2 2 2 1 2 2 2
rs2917080 0 0 0 0 1 1 0 0 1 2 0 2 0 2 1 0 1 1 2 1 0 0 2 0
rs10787378 0 1 0 1 0 0 1 1 1 0 2 0 1 0 1 1 2 0 1 2 0 0 0 0
rs7187165 2 2 1 1 2 2 1 1 2 1 0 1 2 2 0 1 0 1 0 0 0 1 1 2
rs1549876 0 0 0 0 0 0 0 1 1 2 1 2 2 2 1 2 0 2 1 0 2 1 1 2
rs2858706 2 2 2 2 2 2 2 2 2 0 2 0 1 1 2 1 0 0 0 1 2 2 1 1
rs2438615 0 1 1 0 0 1 1 2 0 1 0 0 1 2 0 1 0 0 0 0 0 1 0 1
rs1486462 1 2 1 1 2 2 2 1 0 1 0 1 1 2 0 1 1 1 1 1 0 0 0 0
rs11560217 0 0 0 0 0 0 0 0 0 0 0 0 0 0 0 0 0 1 0 1 0 0 0 0
rs2613804 0 0 1 0 1 0 1 0 0 1 2 1 1 0 1 0 1 0 1 0 2 1 2 2
rs7874441 0 0 1 1 0 0 0 0 0 0 0 1 1 0 0 1 1 0 1 0 0 0 0 0
rs16950362 0 0 0 0 0 0 0 0 1 1 0 1 0 0 0 0 0 1 0 0 2 1 1 0
rs8050788 0 1 0 0 0 0 0 0 0 0 0 0 0 0 1 0 1 2 1 1 1 1 0 0
rs1412740 1 2 2 2 1 1 1 2 2 2 1 1 2 1 0 0 0 0 0 0 0 0 0 0
rs6639826 2 0 0 0 2 1 0 0 0 0 0 0 0 0 0 0 1 2 2 2 0 0 1 1
rs16867044 0 0 0 0 0 1 0 0 0 0 0 0 0 0 0 1 0 0 0 0 1 1 0 1
rs2170059 0 0 0 0 0 0 0 0 1 1 0 1 0 1 0 1 2 2 0 0 0 0 1 0
rs184204 1 0 0 1 1 0 0 0 0 0 0 0 0 0 0 0 2 1 1 1 1 2 1 1
rs851995 1 2 1 1 1 2 1 2 2 0 1 1 1 1 1 1 0 0 0 0 0 0 0 0
rs4972884 0 2 2 2 2 2 1 1 1 1 1 0 1 0 0 0 1 2 0 0 0 0 1 1
rs586051 0 0 0 0 0 0 0 0 2 2 0 1 2 1 0 0 0 0 2 0 2 2 2 2
rs2728504 0 0 0 1 0 0 0 0 2 1 0 0 2 2 1 0 0 0 0 0 0 1 1 1
rs189143 1 1 0 1 0 2 2 0 0 0 1 2 0 0 2 1 0 0 0 0 2 0 1 0
rs10116104 1 0 0 2 1 0 0 1 1 1 1 0 0 1 0 0 0 0 0 1 0 2 1 1
rs2605618 0 1 0 1 1 0 0 1 0 0 1 1 1 0 2 1 2 2 0 1 2 2 2 2
rs12632544 0 1 0 0 0 0 0 0 0 0 0 0 0 0 0 0 1 2 2 2 1 0 1 1
rs11831118 2 2 2 2 2 2 2 2 0 0 0 0 0 0 0 0 0 0 0 0 0 0 0 0
rs12913592 1 1 1 2 0 0 0 0 2 2 0 0 1 1 1 1 0 0 0 0 0 0 0 0
rs361097 2 2 2 2 2 2 2 2 0 1 0 1 1 0 1 0 0 0 0 0 0 0 0 0
rs11617079 0 0 0 1 0 0 0 1 0 0 0 0 1 1 0 1 0 0 0 0 1 1 1 1
rs756719 1 1 0 2 1 1 2 2 0 0 0 1 0 0 0 0 0 0 0 0 0 1 0 0
rs17708984 1 1 1 1 0 0 0 0 0 0 0 1 1 2 1 1 0 1 1 1 1 1 2 2
rs12879675 0 0 1 1 1 0 0 1 0 0 0 0 0 0 0 0 2 2 1 2 2 1 1 2
rs6924955 0 1 0 0 1 2 0 0 0 0 1 2 1 1 1 1 0 0 0 0 1 2 1 0
rs2816567 1 1 0 1 0 1 1 0 2 1 1 2 0 1 1 0 0 0 0 0 1 1 2 0
rs743463 2 1 2 1 2 2 2 2 1 1 2 2 1 0 1 0 0 1 0 0 0 0 1 0
rs6581740 2 2 2 2 0 2 0 2 0 0 0 0 0 0 1 0 1 0 0 0 0 0 0 1
rs493865 2 2 2 2 2 2 2 2 0 0 0 0 0 0 1 1 0 0 0 0 0 0 0 0
rs2101252 1 1 1 1 1 2 0 0 0 0 0 0 0 1 0 0 1 1 1 0 0 1 1 0
rs4954394 0 0 1 0 0 0 0 0 1 0 0 0 0 0 1 0 2 1 2 2 1 2 2 2
rs1515239 2 1 2 1 1 2 1 1 0 1 1 0 0 0 0 0 0 2 1 2 2 0 1 1
rs2655167 0 1 0 1 0 0 1 1 1 2 2 2 1 2 1 0 1 0 0 1 0 0 0 0
rs4596804 0 0 0 0 0 0 0 0 2 0 0 0 0 1 0 1 2 0 0 1 0 1 1 2
rs17119479 2 0 0 1 0 1 0 1 0 0 0 0 0 0 0 0 1 1 1 2 1 0 1 1
rs7370516 0 0 1 0 0 2 0 0 0 1 1 1 0 2 0 0 1 0 1 1 1 1 1 1
rs5950570 2 2 2 2 0 1 2 2 0 2 2 0 1 0 0 0 1 2 2 1 0 0 0 0
rs823128 1 2 0 1 2 1 1 0 0 0 0 0 0 0 0 0 0 0 0 0 1 2 1 1
rs1889116 1 0 0 0 1 1 2 0 0 0 1 1 1 0 1 1 0 0 0 0 2 0 0 0
rs10767349 2 2 0 2 1 2 2 2 0 0 0 2 1 0 0 1 0 0 1 0 2 1 1 2
rs12925622 0 0 1 0 1 0 1 1 1 1 1 2 0 1 2 0 1 1 0 0 2 2 1 2
rs4696234 2 1 2 2 2 2 2 1 0 0 1 0 0 0 0 0 0 1 0 0 0 0 1 0
rs16846710 2 2 2 0 2 2 2 2 1 1 0 0 2 2 0 1 0 0 0 0 0 0 0 0
rs4420167 2 2 2 1 2 1 2 2 2 0 0 1 0 0 0 1 0 0 0 1 0 0 0 1
rs17056945 0 1 0 1 0 0 0 0 1 2 2 2 2 2 2 2 1 1 1 2 0 0 1 1
rs7195552 1 0 2 0 1 0 1 0 1 1 0 0 0 0 0 2 0 1 1 2 1 0 0 0
rs170371 1 1 1 1 0 2 0 1 0 0 2 1 0 0 1 0 1 2 1 2 0 0 2 2
rs1963704 2 0 0 0 0 0 0 0 0 2 0 2 1 2 2 1 0 2 0 1 2 2 2 2
rs6463491 0 2 2 1 2 1 2 1 0 0 0 1 0 0 0 0 0 0 0 0 0 1 0 1
rs581090 0 0 0 0 0 0 0 0 0 0 2 0 0 2 0 0 2 1 2 0 1 1 1 2
rs3743794 2 2 2 1 1 2 1 1 0 1 2 0 0 0 0 0 0 0 0 0 0 1 0 0
rs1257663 0 0 0 0 0 0 0 0 0 0 0 1 0 0 0 0 1 1 1 0 1 2 1 2
rs7326926 2 1 1 0 1 1 1 1 0 0 0 0 0 1 0 0 2 2 1 2 2 1 2 2
rs5907429 2 0 2 2 0 0 2 0 0 0 2 0 2 2 0 1 1 0 0 0 0 2 2 0
rs6477528 1 1 1 0 2 2 2 2 0 0 0 0 0 0 0 0 0 0 0 1 0 0 0 0
rs1901977 0 0 1 2 2 1 0 1 0 2 1 1 0 1 1 0 1 1 0 0 2 1 1 1
rs4893450 2 0 2 2 2 2 2 2 2 2 2 0 2 1 2 1 0 0 0 0 2 0 0 1
rs7612484 2 2 1 1 0 1 2 2 1 0 0 0 0 1 1 1 0 0 0 1 1 0 1 2
rs7915707 1 2 1 0 2 2 1 1 2 2 2 2 0 1 1 1 0 0 0 1 2 1 2 0
rs12554071 1 1 0 1 1 1 2 0 2 0 1 1 1 0 2 2 0 0 0 0 2 1 0 1
rs643455 1 2 1 1 1 2 1 0 0 0 0 0 1 2 0 0 0 0 0 0 2 1 0 1
rs2939967 2 1 2 0 1 2 1 1 0 0 0 0 0 0 0 0 0 0 0 1 0 0 1 0
